500 229
1 1 1 1 1 1 1 0 0 0 1 0 0 0 1 1 1 0 1 1 0 1 1 1 1 0 1 1 1 0 1 0 1 0 1 1 1 1 0 1 0 0 1 1 0 1 1 1 1 0 0 0 0 1 1 0 0 0 0 0 1 1 0 1 0 0 1 1 1 1 1 0 0 0 0 1 0 1 0 0 0 1 1 1 0 1 0 1 1 0 0 1 0 0 1 1 1 1 1 0 0 1 0 0 1 0 1 0 1 1 0 0 1 0 1 0 0 1 1 0 1 1 1 0 1 0 0 0 0 0 0 1 1 0 0 0 0 0 1 1 0 0 1 0 0 0 0 0 1 1 0 1 0 0 0 0 1 1 1 0 0 1 0 1 0 0 0 1 0 0 0 1 1 0 1 1 0 0 1 1 0 1 1 0 1 1 0 1 0 1 0 0 1 0 1 1 0 0 1 0 0 1 0 1 1 0 0 0 1 0 0 0 1 1 1 0 1 0 0 0 0 1 0 1 1 1 0 1 1 0 0 1 1 0 0 0 0 1 0 0 1 1 1 0 0 1 0 0 0 0 0 1 0 1 1 1 0 0 0 1 0 0 1 1 1 1 1 1 1 0 1 1 0 1 1 1 1 1 0 0 0 1 1 0 1 1 1 1 0 0 1 1 0 1 0 1 0 0 0 0 0 1 0 1 0 1 1 0 1 1 0 1 1 1 0 1 1 1 0 1 0 1 0 1 0 0 1 0 0 1 1 1 0 1 1 1 1 1 0 1 1 0 0 0 1 1 1 0 1 0 0 0 0 0 0 1 0 1 1 0 1 1 1 1 0 0 1 0 0 0 0 1 1 0 1 1 1 0 0 1 0 0 1 1 1 0 0 1 1 0 1 1 0 1 1 1 0 1 0 0 1 0 1 0 1 0 0 1 1 0 0 0 0 1 1 1 0 1 1 0 1 1 0 1 1 1 0 0 0 1 1 1 0 0 1 1 0 0 0 1 0 1 1 1 1 1 1 1 1 1 1 1 0 1 0 0 0 0 0 1 1 0 1 1 0 0 0 0 1 1 0 1 1 1 0 0 1 1 0 0 1 0 1 1 1 0 1 0 1 1 0 0 1 1 0 1 1 0 0 0 
491 72 13 491 110 176 49 286 366 342 408 122 95 26 222 255
129 640 47 257 130 260 129 392 137 386 14 399 16 145 280 153 414 32 161 292 422 41 299 300 175 176 51 186 317 448 65 322 326 327 314 416 342 218 271 220 58 485 226 101 401 493 497 373 118 380
493 749 5 330 493 245 150 47
187 510 62 129 3 4 390 263 138 175 142 147 149 150 23 225 25 411 156 29 161 99 262 422 172 302 47 49 179 54 440 314 59 60 446 67 310 454 71 458 331 460 205 79 80 82 483 85 472 217 348 93 315 481 355 359 444 363 364 368 497 370 371 187 377
136 988 58 2 388 263 392 137 215 16 18 275 152 132 303 285 414 290 219 241 296 298 29 27 49 178 57 55 313 187 60 322 424 68 374 305 87 344 218 347 478 479 98 251 101 102 357 232 106 235 237 494 495 488 498 116 118 119 136 379 264
52 33 33 130 427 263 8 138 11 18 19 20 21 416 290 37 296 43 304 436 437 440 52 453 79 210 212 216 90 98 105 106 371 248 381 127
194 232 7 480 194 19 311 408 478 223
58 405 36 0 390 8 266 143 152 412 415 32 35 37 167 175 178 180 54 183 58 443 193 332 109 83 91 349 485 229 487 489 106 237 372 118 251 380 219
247 139 38 261 7 10 13 145 403 150 409 281 111 289 36 294 295 302 431 432 308 329 57 58 191 323 457 332 205 465 467 469 348 93 231 489 495 240 242 247 122
229 785 56 5 396 14 399 273 18 19 406 281 452 284 414 496 34 165 295 296 412 122 240 430 182 56 314 223 189 322 68 198 327 200 74 77 206 208 209 340 469 214 93 478 485 80 229 357 252 493 367 112 168 371 297 293 379 380 255
273 620 15 246 259 325 134 273 9 74 206 208 305 467 278 163 283 69
148 621 41 384 130 207 8 428 142 15 400 67 148 282 304 219 421 422 424 41 170 172 432 264 57 475 192 451 329 459 334 335 83 399 85 463 441 91 350 96 112 117 468 250
192 25 30 0 128 390 271 280 147 21 278 407 152 440 169 174 47 438 184 313 315 192 182 312 291 341 90 476 95 481 360 250 254
160 492 41 385 259 257 136 137 11 270 143 272 276 235 409 412 158 160 35 39 424 187 61 193 194 452 328 74 459 98 339 84 471 92 477 95 354 107 492 367 116 254 374 382
178 234 61 1 386 22 392 265 395 140 45 400 273 18 147 404 406 407 25 26 285 414 159 304 34 35 292 38 424 297 44 429 466 434 307 9 249 316 62 63 67 196 453 201 458 331 463 271 75 139 203 343 88 218 207 485 178 109 113 153 121 250 383 127
390 302 18 193 358 356 37 166 33 490 397 110 399 337 21 345 122 219 390 221 309
90 5 13 353 226 131 426 363 370 79 465 82 340 171 122 90
357 975 57 128 130 132 389 134 391 8 139 397 272 17 402 405 22 411 412 158 31 166 424 284 43 159 301 56 59 316 189 63 64 66 195 68 197 471 456 459 78 463 440 339 212 341 343 91 95 480 357 489 363 468 243 373 248 121 251 383
339 535 6 32 390 135 45 339 312
190 17 42 385 259 261 390 392 281 410 27 28 30 31 288 290 295 296 301 435 53 55 104 189 190 323 324 331 332 342 471 90 220 93 482 229 488 489 108 238 445 40 498 248 253
349 710 81 328 129 388 6 135 9 10 395 396 384 152 18 148 277 150 25 408 281 283 285 414 197 496 290 37 422 39 424 112 453 7 300 301 46 349 305 180 202 31 316 317 318 447 65 195 177 69 72 457 74 76 482 207 56 211 469 342 249 216 473 347 348 159 421 96 61 100 101 230 233 362 238 495 240 113 140 116 246 248 121 381
374 802 73 128 115 260 133 8 364 10 396 400 21 406 407 280 4 282 5 163 166 177 249 42 171 226 175 304 433 307 308 137 52 442 315 60 445 62 448 321 374 100 201 331 76 77 205 80 339 86 87 484 360 351 480 482 227 356 102 379 233 491 492 365 96 189 368 232 371 117 118 376 494 250 123 255
266 15 66 128 258 260 261 65 8 266 126 12 13 272 147 22 217 68 303 286 5 417 34 219 420 293 389 40 476 135 173 431 304 435 57 250 96 67 324 201 330 77 78 463 208 337 211 468 343 472 473 475 92 349 478 352 225 482 356 229 487 93 19 373 246 340 396 254 383
472 4 63 0 2 107 132 6 391 265 151 140 13 17 402 217 218 412 29 415 418 164 421 166 424 297 71 114 177 179 52 440 186 189 446 319 322 196 327 72 336 465 82 85 88 473 346 219 92 442 223 481 227 472 401 488 235 236 494 241 242 116 119 379 124 127
257 318 78 256 257 130 171 277 406 262 265 11 268 216 146 148 21 278 495 24 281 22 155 150 31 295 291 420 421 39 424 42 299 172 44 178 436 181 215 184 168 445 190 66 152 97 74 76 462 464 212 78 471 472 90 91 220 95 96 80 482 99 228 101 344 360 233 363 492 238 367 336 241 370 115 244 375 122 124 253 383
301 365 13 193 34 131 101 231 209 301 367 145 210 372 245 93
380 829 34 385 265 395 12 277 279 380 30 159 420 44 9 443 447 320 450 331 326 459 209 466 85 470 476 480 101 233 109 241 117 55 122 252 213
37 83 87 4 9 14 15 30 34 37 39 47 48 53 64 74 82 86 98 103 112 116 122 125 128 130 132 135 136 137 139 150 155 164 166 170 172 173 176 194 197 199 200 203 219 223 232 242 246 264 266 277 282 284 287 295 298 303 305 309 324 327 334 340 347 360 365 371 373 378 382 393 399 403 421 445 448 449 454 459 461 462 463 464 466 469 471 483 491 497
77 256 78 385 130 259 261 1 394 267 12 2 270 274 403 276 405 150 409 452 283 285 30 415 34 155 420 165 41 427 300 50 175 178 307 52 438 311 440 436 443 188 61 65 451 196 455 74 331 77 463 208 338 467 139 89 218 395 478 351 352 80 99 357 230 232 108 366 434 241 370 339 25 373 374 119 376 121 127 126 277
309 802 48 128 386 260 138 269 272 147 405 408 409 282 304 164 198 167 210 300 301 175 466 50 309 183 440 314 59 61 437 181 67 196 70 75 205 79 82 83 87 345 221 481 123 229 365 467 116 121 10
384 154 65 384 129 386 34 11 15 273 147 405 152 202 26 175 158 418 419 294 497 168 42 428 46 47 433 308 53 319 55 312 314 411 61 446 63 192 203 324 199 204 458 75 76 77 79 336 467 85 216 89 476 58 280 484 103 490 487 364 110 238 403 374 249 191 124 362
180 778 25 7 396 148 283 284 178 180 184 443 318 63 320 451 324 76 462 465 210 468 187 233 234 363 368 125
179 901 90 14 15 18 21 26 27 30 43 48 52 54 57 71 75 80 82 86 90 93 95 101 108 113 116 121 130 143 144 145 146 149 158 160 162 172 179 184 188 192 206 209 213 216 221 227 229 231 232 245 259 267 271 284 287 294 296 300 305 324 325 331 337 342 348 351 354 366 370 374 379 380 392 396 401 402 406 410 416 425 430 434 435 437 455 457 459 466 468 469 494
34 946 35 134 392 265 398 407 26 27 157 34 420 37 50 181 184 314 316 446 71 458 206 209 469 471 90 477 350 227 488 444 364 496 115 118 250 124
403 708 48 320 363 261 135 395 268 274 403 404 25 431 218 158 290 163 164 37 38 168 41 42 7 300 175 304 435 52 329 440 187 318 192 199 396 74 459 77 467 84 214 474 98 99 107 108 373 122 298
223 218 68 384 6 405 364 139 109 399 18 20 277 281 416 237 162 419 423 167 168 425 21 431 176 434 51 436 181 265 56 186 223 318 319 488 70 455 200 369 337 338 291 377 217 15 92 58 222 351 352 354 227 228 359 232 487 108 210 111 241 371 244 247 120 121 122 383 380 382 255
175 981 80 129 386 132 6 257 392 9 469 267 13 258 143 400 404 47 407 61 410 411 29 159 161 197 155 293 295 31 41 66 44 306 430 431 432 49 434 435 137 283 59 10 475 319 2 11 48 69 327 202 262 226 463 466 291 213 249 175 91 225 98 355 356 102 359 490 491 366 239 240 287 498 495 117 118 376 377 122 123 264 127
391 787 64 256 257 387 263 264 393 11 140 269 109 144 18 195 278 408 410 155 285 162 291 420 39 41 299 44 45 433 54 58 351 96 323 326 26 330 459 78 173 339 7 89 331 347 477 478 95 224 97 354 391 485 105 490 107 364 237 110 368 497 211 117 376 123 362
450 971 62 192 135 385 138 140 450 16 401 24 26 27 157 416 290 129 169 263 429 174 303 304 49 180 181 54 183 185 445 63 448 194 195 196 71 72 330 460 418 463 340 86 57 91 348 477 94 351 481 228 234 236 200 238 353 496 113 374 425 376 251 124 362
460 132 60 387 470 471 140 194 399 24 276 406 153 408 409 367 285 158 453 288 417 418 291 292 295 44 180 438 311 57 187 445 190 66 197 204 330 459 460 205 78 207 465 210 212 342 185 36 347 73 223 354 486 490 491 82 111 244 373 246 252 106 254
396 924 69 257 258 133 262 135 64 266 407 268 269 270 143 148 345 367 474 389 27 36 165 41 170 299 303 433 178 179 309 438 23 442 59 151 134 447 320 449 451 326 329 420 460 461 8 336 56 211 88 89 90 93 222 224 396 357 230 29 109 239 368 370 246 297 276 122 123 124 253 255
420 947 54 1 131 260 134 8 265 394 268 272 276 149 22 68 155 285 286 415 417 162 36 166 113 172 157 177 201 186 316 324 198 12 330 203 460 205 463 336 227 84 213 86 420 476 478 16 483 228 367 369 242 116 376 249 126
124 54 32 311 491 11 396 269 271 273 20 34 35 422 428 173 439 319 324 71 72 457 331 460 465 211 212 348 352 227 486 107 378 379 124
75 83 26 388 7 14 281 155 157 289 178 303 49 306 310 63 327 75 208 337 211 472 98 484 485 112 339 118 127
300 369 8 166 138 300 334 221 49 147 125
335 856 66 128 2 3 357 393 139 270 271 16 430 278 151 413 286 162 163 422 298 427 45 46 157 108 178 437 182 56 313 59 444 451 201 458 418 290 334 205 376 335 470 474 347 92 93 478 479 352 97 166 230 103 361 144 363 29 237 366 111 496 383 285 118 248 250 379 127
48 117 12 96 323 261 357 72 48 146 131 120 377 218 255
421 932 58 385 427 98 134 137 10 23 268 231 398 143 277 279 303 156 31 36 165 294 39 28 298 43 175 177 307 261 54 56 441 58 191 448 267 454 327 461 206 463 208 339 85 57 412 421 352 97 226 422 103 360 234 359 237 495 369 371 38
267 689 7 96 353 267 206 371 343 248
174 678 11 259 36 10 235 402 174 82 116 395 413 255
78 132 36 2 133 8 265 11 21 409 154 419 420 293 424 171 176 306 307 437 184 186 62 325 327 329 78 464 82 92 351 97 482 485 103 233 120 379 380
216 378 29 388 11 16 150 282 158 415 296 52 309 182 308 321 450 451 452 456 330 77 341 216 345 350 272 226 485 359 231 168
377 825 54 384 320 386 388 98 134 265 12 397 272 19 21 407 25 283 159 160 99 294 42 171 172 437 310 444 317 448 32 68 198 396 204 333 462 79 337 483 470 377 344 346 475 93 226 123 489 362 108 237 121 122 251 298 383
35 917 65 128 384 131 4 135 139 268 143 144 403 148 405 408 410 158 287 160 240 35 37 295 129 426 300 419 46 303 305 306 435 308 414 479 50 63 197 70 140 459 489 466 467 341 343 473 346 223 480 482 483 101 358 233 362 235 210 495 496 497 246 361 248 250 396 124
14 967 59 385 2 134 263 14 15 271 403 405 22 473 408 415 162 35 1 308 296 44 173 47 176 433 52 56 313 443 60 445 190 449 196 454 200 458 332 461 80 142 87 217 347 92 349 350 355 484 358 230 360 105 234 364 494 113 370 316 246 124
310 869 76 385 3 5 262 135 264 215 12 435 270 271 482 18 281 280 25 410 27 156 413 158 287 416 261 165 294 167 169 170 7 173 303 48 433 51 52 53 310 313 59 444 317 343 63 64 322 195 324 326 396 75 461 206 335 412 209 211 84 213 57 473 218 15 476 478 481 354 487 119 366 61 244 247 248 212 251
72 184 64 2 387 388 391 378 10 395 12 397 418 401 146 148 110 345 281 411 412 285 30 159 32 161 290 419 37 168 7 45 413 177 180 286 189 191 66 139 324 69 72 73 459 34 466 470 473 90 93 222 479 352 482 355 484 230 235 494 115 25 374 404 250 251 253
376 72 67 149 259 260 262 7 264 9 469 398 19 366 24 153 239 412 29 364 475 433 210 405 173 46 47 8 10 313 445 448 65 194 424 324 71 457 202 203 76 484 78 79 81 466 339 462 214 345 91 221 350 100 357 103 242 142 108 370 494 495 498 114 131 376 249 125 4 341
201 169 16 344 347 484 357 262 40 201 44 78 80 49 131 276 88 251 485
453 754 52 385 258 294 6 257 9 269 273 408 410 414 418 36 166 297 428 47 48 177 180 30 52 59 202 450 453 70 201 330 203 76 162 463 209 84 470 215 90 219 220 478 481 483 229 231 362 492 368 243 251 253 127
304 380 61 64 386 387 132 262 266 267 16 472 402 259 404 23 39 28 413 33 35 36 390 433 362 284 47 304 49 184 351 60 190 191 279 71 332 458 76 206 464 81 338 339 468 216 473 221 479 98 355 209 232 361 490 107 253 369 370 285 373 248 212 381
21 276 48 256 385 130 131 394 268 144 17 402 3 21 406 29 31 162 266 292 421 424 298 43 428 48 50 308 54 436 186 223 10 438 456 12 330 82 217 346 476 351 224 272 98 484 102 105 235 364 382
158 213 53 0 473 260 7 136 267 398 17 275 276 407 25 27 412 29 158 32 163 36 296 42 44 371 437 121 116 317 318 160 323 324 198 327 328 459 465 215 484 220 20 351 97 356 494 445 115 244 446 247 376 377 250 170
351 325 40 258 389 209 465 403 277 278 151 281 495 37 169 327 370 174 180 56 351 63 451 455 201 206 79 81 462 474 293 480 482 484 486 487 233 107 111 113 498 115 378
398 777 12 288 161 360 202 460 398 370 147 372 55 56 92
231 926 18 480 208 419 69 7 231 210 14 47 304 498 306 163 254 152 445 253 62
13 884 15 290 427 326 136 266 299 435 110 13 3 212 469 311 25 413
222 67 6 416 454 230 146 435 222
68 60 22 258 133 8 471 271 16 282 172 182 185 186 443 61 447 192 68 202 331 208 215 104 253
383 182 49 385 132 162 136 395 396 141 270 15 146 147 276 21 333 412 285 34 165 297 42 427 371 52 441 58 317 449 197 327 202 461 77 465 227 212 86 349 478 479 480 481 99 357 107 353 115 244 425 383
489 458 76 3 389 263 392 396 141 14 401 402 403 67 186 103 157 415 416 161 291 261 293 422 423 348 453 174 431 432 49 180 310 436 58 315 325 349 447 450 195 196 182 456 329 458 482 335 337 82 35 212 471 474 91 476 314 480 107 98 123 484 101 102 81 38 316 363 492 109 489 369 242 147 246 361 121 374 251
333 487 84 1 386 375 47 470 467 265 279 270 15 144 387 381 277 333 217 281 155 413 286 197 95 289 418 87 164 165 35 424 298 263 174 303 176 433 437 183 57 186 59 191 203 196 325 417 328 75 461 462 79 271 376 82 453 170 334 342 313 216 473 228 475 442 223 97 354 227 100 103 234 107 493 495 112 296 115 69 106 247 120 468 253 126 426
18 466 55 386 131 389 9 10 395 270 15 145 18 323 22 409 282 367 157 414 287 416 420 298 427 428 176 433 179 443 190 192 195 452 455 239 461 78 335 11 339 292 346 79 92 223 354 358 489 490 108 111 368 241 143 119 251 362
307 230 23 13 20 405 151 417 171 302 304 433 307 308 311 317 71 464 222 224 354 357 103 369 124 381
292 773 6 320 292 173 114 118 447
408 337 88 22 26 27 28 29 32 33 34 43 49 53 64 65 74 79 96 98 107 112 115 121 129 136 144 152 153 154 159 164 168 171 172 181 185 190 191 198 208 209 221 223 224 225 226 227 231 233 237 244 265 266 273 274 282 287 305 311 318 319 326 337 339 340 341 344 348 359 374 385 389 393 396 400 401 408 409 411 413 414 420 433 434 437 450 452 460 475 490
371 187 76 130 3 179 81 422 394 371 435 45 400 286 403 20 329 26 29 30 288 289 460 36 37 294 39 276 429 49 306 51 436 53 310 439 442 295 192 352 322 200 177 74 331 76 461 334 205 80 209 227 468 214 472 164 346 493 220 222 479 480 353 229 486 102 231 105 106 107 146 115 247 120 121 90 124 126 166
93 385 7 360 233 213 155 412 93 94
382 104 30 456 389 267 16 153 282 154 38 171 47 305 52 56 441 315 449 72 203 205 462 467 88 345 486 339 413 377 200 125 382
261 677 57 1 2 260 261 391 335 10 87 140 398 402 431 151 281 26 27 412 91 164 454 210 170 411 47 305 309 438 55 443 444 318 319 448 193 197 326 328 333 207 81 466 341 471 473 463 221 99 229 465 492 18 494 111 113 249 379 253
451 656 85 2 4 278 262 405 9 396 322 14 141 205 275 148 21 150 24 410 75 282 261 32 48 418 163 36 264 497 296 298 299 46 47 176 76 50 52 317 438 137 312 104 492 192 321 194 195 196 325 72 460 459 332 461 207 464 338 211 84 451 342 87 436 345 220 222 479 431 97 227 100 16 232 106 491 364 110 61 112 369 118 375 336 253 126 383
433 920 43 386 135 10 66 144 151 409 416 421 170 436 349 433 434 435 52 441 95 447 64 160 450 451 118 70 328 332 205 213 93 37 59 102 104 454 362 111 372 374 119 378 380 234
431 577 68 257 387 261 129 264 108 471 140 269 273 18 275 148 405 278 280 281 410 288 161 457 35 426 302 431 307 55 440 57 314 443 188 192 62 19 100 198 289 73 459 291 468 85 86 87 484 478 351 224 97 483 356 33 358 103 490 491 364 109 367 240 498 243 117 121 123 298 383
238 945 6 269 238 302 462 284 125
205 622 40 130 193 16 145 22 407 283 30 69 160 417 34 35 36 37 298 299 45 158 60 190 447 449 451 325 71 205 85 346 478 96 356 102 491 364 239 498 115 120 121
203 262 7 290 419 420 456 203 81 252
81 834 16 81 374 294 369 136 460 109 497 306 372 86 153 122 412 445 351
415 119 54 266 11 396 13 14 143 272 276 149 151 120 411 284 413 30 415 32 417 155 36 40 169 170 299 178 434 54 440 314 187 444 138 319 449 68 335 141 210 227 342 216 89 346 91 96 481 123 490 107 114 371 248 379 124
347 763 17 416 176 259 5 423 264 234 12 47 424 440 347 345 88 441 282 91
188 522 51 3 7 364 266 398 146 20 409 24 153 413 159 32 424 174 48 433 306 52 53 438 184 316 448 480 452 326 71 457 416 340 100 474 91 93 95 96 353 356 358 486 104 188 490 236 274 110 242 246 252 382
2 403 91 0 2 5 13 14 28 33 38 39 44 46 52 54 55 61 70 71 72 79 85 93 94 96 110 113 126 128 129 133 134 140 141 144 152 168 169 172 173 180 184 187 190 193 194 198 205 206 213 216 223 227 244 252 256 264 267 270 278 290 293 297 306 307 308 314 322 327 331 344 352 356 358 378 382 387 390 398 401 407 420 432 443 444 460 470 480 484 487 489 493 495
140 434 17 448 1 34 451 37 264 201 42 204 304 40 466 291 277 140 445 421
119 143 67 128 385 259 132 5 262 7 264 394 12 270 15 17 19 277 278 408 196 303 156 285 414 283 41 114 175 432 180 286 443 60 317 62 68 197 70 158 72 396 74 203 204 77 461 337 338 483 340 470 90 94 352 353 482 355 357 363 237 110 495 496 369 498 169 119 126 383
28 159 62 0 230 179 133 391 137 396 270 275 152 39 201 37 28 414 415 161 457 163 454 241 40 171 46 303 432 50 435 478 439 313 186 315 444 318 198 323 70 455 456 73 334 79 338 213 87 349 222 485 96 59 228 357 195 362 235 494 497 372 246 377 469
202 30 9 166 39 202 471 364 180 181 375 123
181 251 46 385 132 129 14 15 20 21 150 217 156 285 286 418 423 425 426 300 429 181 54 183 441 316 190 194 453 201 462 335 81 342 215 473 474 220 225 485 105 235 493 495 113 243 117 297 120
287 727 3 465 11 287
74 95 28 387 391 269 149 282 414 417 37 38 296 170 308 438 313 450 329 74 207 81 84 474 97 227 366 255 298 381 383
138 609 17 224 368 261 385 9 138 75 76 206 303 176 468 213 407 345 187 220
243 849 94 1 8 17 18 20 34 37 43 48 51 55 56 61 68 72 80 82 84 92 99 100 102 104 113 116 122 129 134 137 140 142 155 157 158 159 163 166 184 189 192 194 200 205 208 215 218 221 234 238 243 245 255 257 267 281 282 285 294 298 299 303 309 311 324 328 330 338 349 350 362 363 369 375 378 382 384 396 399 404 405 408 412 415 433 436 438 448 453 473 477 478 480 484 491
317 397 54 392 299 260 135 264 267 269 142 273 405 25 132 284 287 161 419 292 165 294 40 298 171 301 321 349 177 178 317 438 59 189 447 193 194 204 78 335 87 474 91 220 477 225 227 486 491 236 110 367 366 374 249 426 382
71 112 68 1 395 132 263 138 11 140 14 16 147 149 406 4 155 28 29 325 416 283 293 38 412 455 301 285 306 58 189 63 321 450 195 453 454 199 457 330 135 334 466 84 249 344 71 347 220 186 351 144 67 102 340 105 234 491 492 111 241 242 403 245 169 376 212 251 124 253 127
57 954 42 131 7 9 394 19 149 26 265 290 295 169 338 174 49 437 438 439 184 441 70 329 183 463 80 312 82 57 217 222 223 3 336 101 358 231 105 106 237 366 497 374 277
253 383 26 2 396 280 285 253 436 314 191 68 69 72 329 207 79 210 215 89 475 186 103 489 365 367 117 378 125
87 633 29 386 390 9 143 145 156 158 32 417 41 173 443 316 323 325 289 78 210 87 89 478 224 354 486 232 365 104 115 121
372 23 13 320 97 386 65 449 296 237 241 372 214 379 476 350
385 598 62 384 129 258 261 135 267 140 271 400 472 18 403 149 411 415 27 165 294 296 428 174 48 189 437 385 201 479 316 317 62 480 331 198 72 329 74 311 332 461 464 338 83 341 216 474 293 352 353 226 484 229 230 232 105 363 236 239 104 383 124 381 469
162 393 83 0 384 386 107 4 133 263 266 395 396 322 270 399 144 344 403 277 278 412 157 436 31 295 162 419 261 165 166 167 171 44 429 142 303 446 183 312 267 62 447 192 66 451 471 201 330 75 460 205 464 248 466 212 213 43 343 88 218 233 220 338 101 481 482 357 102 232 361 362 363 365 110 495 496 498 114 373 374 430 376 250 252 195
76 303 7 10 43 76 467 340 285 479
296 630 82 384 260 278 262 135 137 388 343 12 265 402 147 277 406 151 280 409 155 156 413 158 31 417 290 291 37 167 296 41 426 301 157 178 179 74 54 439 312 441 186 287 330 190 452 70 71 200 458 203 204 461 78 205 465 58 468 213 215 463 349 351 481 482 50 101 359 488 234 491 364 18 366 61 40 243 25 169 241 250 123 252 254
219 144 32 1 10 269 398 15 19 21 29 30 417 292 37 422 190 63 451 197 202 208 339 36 218 219 293 97 354 227 229 233 367 275 381
254 527 66 384 2 389 193 8 9 394 130 142 277 254 23 452 410 27 286 5 417 290 167 427 431 177 51 437 54 439 441 186 315 60 318 191 64 65 66 68 453 198 33 74 75 76 461 369 209 82 83 214 7 356 474 479 59 161 233 493 368 113 243 126 246 120 249 136 382
126 798 9 480 98 292 422 168 429 46 19 126
16 244 51 129 3 428 13 15 16 403 404 22 153 154 27 412 157 33 34 155 39 296 28 44 430 47 310 9 184 316 194 195 285 72 333 337 212 342 345 346 54 349 481 379 101 358 188 108 238 497 244 117 246 123
387 288 25 384 385 387 140 398 273 23 25 154 414 421 424 48 49 183 95 197 205 337 351 352 228 105 116 117
198 817 16 417 355 484 261 198 458 109 141 465 19 122 58 155 5 442 159
249 457 57 133 391 264 268 13 270 143 273 412 413 414 415 416 161 292 166 424 425 173 93 305 179 52 112 438 443 60 189 446 321 67 196 182 72 76 458 203 460 461 462 463 80 345 207 477 480 225 17 233 237 368 369 116 62 118 249 382
286 218 43 358 486 268 400 152 146 404 280 26 286 287 416 417 419 421 38 39 52 439 58 479 64 449 73 331 333 79 120 83 468 343 474 351 226 485 230 401 494 239 339 118 376 255
242 787 52 1 456 51 8 394 146 404 407 152 281 282 290 168 173 176 328 179 59 316 445 194 327 72 73 460 461 206 205 81 84 471 88 346 220 477 351 225 98 355 358 360 105 107 109 76 242 371 117 118 377 251 253
465 745 67 0 384 260 261 134 135 8 10 471 237 146 277 388 416 290 291 262 65 167 296 263 174 178 437 182 40 184 441 187 188 317 318 63 449 196 69 455 328 457 459 418 334 461 209 340 249 465 122 421 483 101 359 491 492 365 496 113 243 446 374 248 377 378 123 443 382 255
88 475 92 4 10 13 17 19 26 29 32 41 53 59 67 68 70 81 88 92 93 96 105 109 115 120 122 128 136 142 157 164 168 169 171 180 181 187 189 201 214 219 224 227 232 234 236 237 240 244 252 261 267 268 271 272 278 280 282 285 289 298 307 311 324 331 332 334 336 342 345 353 360 372 376 383 393 397 403 405 412 415 423 431 439 440 453 458 466 467 468 472 483 490 498
445 921 33 1 3 398 144 277 23 153 420 296 42 46 431 432 434 445 65 66 97 204 80 220 353 99 357 358 231 360 362 495 498 246 122 380
63 48 24 22 263 267 18 406 261 32 162 36 37 44 187 63 329 334 84 85 343 292 349 353 354 356 253
399 894 21 384 161 2 355 4 325 454 1 348 490 100 44 205 399 112 149 153 220 477 199 181
127 873 58 0 384 386 131 5 264 393 12 194 271 16 19 276 150 23 27 413 161 426 349 306 371 308 53 438 312 186 315 318 447 66 451 453 327 72 140 330 206 80 58 87 217 221 478 96 227 33 358 488 111 115 116 120 249 250 123 125 127
206 251 4 306 356 21 206
364 860 36 263 397 403 279 24 284 160 424 298 171 48 187 61 318 67 198 71 81 211 473 219 476 199 351 327 228 101 252 106 364 109 496 370 115 250 380
438 371 62 130 261 390 321 8 12 142 15 272 273 465 67 21 151 155 159 418 91 36 293 210 297 304 433 307 438 312 442 59 316 193 195 454 332 290 206 80 209 338 339 216 473 271 220 100 352 400 483 472 359 379 489 107 236 82 466 244 120 121 251 380 254
151 548 32 132 321 275 21 151 155 157 92 298 174 304 305 180 53 310 314 63 64 65 322 459 207 342 472 217 476 186 484 237 245 41 252
40 16 47 0 386 259 389 6 11 398 144 90 405 407 281 410 413 158 160 474 291 38 424 425 171 300 46 157 49 414 40 441 443 73 79 465 213 214 215 216 218 97 59 486 490 494 174 496 113 126
25 674 72 128 384 136 265 138 343 396 194 337 18 21 473 408 25 155 36 293 423 40 425 170 427 428 429 50 94 222 310 311 57 186 59 61 309 181 66 200 201 333 397 208 81 339 213 471 216 420 90 476 478 223 480 353 187 228 229 230 465 80 107 364 493 437 240 369 370 41 376 379 443 254 85
411 919 66 64 3 260 5 6 137 139 268 141 398 143 144 402 19 404 405 152 25 103 29 30 34 411 423 18 302 47 176 312 442 187 444 62 192 322 67 451 325 330 459 461 450 320 227 469 86 347 479 323 354 99 228 485 358 359 361 362 235 365 238 126 234 123 253 254 277
141 271 81 384 128 130 342 496 263 394 140 13 142 399 145 402 19 152 439 30 29 414 133 288 304 347 36 294 39 296 297 299 175 48 200 435 415 53 398 311 314 443 188 446 437 96 164 452 256 72 396 459 224 141 80 81 210 99 129 214 377 472 160 346 91 480 408 355 356 358 231 489 106 167 483 109 238 240 467 244 376 121 123 127
7 933 17 64 32 3 134 230 7 360 457 461 239 81 211 372 343 218 350 159
323 290 46 384 129 130 282 388 5 6 264 148 24 409 26 29 33 168 297 427 45 46 181 184 317 63 449 323 326 455 456 458 460 334 463 469 342 91 199 480 99 356 492 493 369 370 169 380 253
424 826 47 384 192 0 65 397 401 148 46 303 291 420 424 298 299 173 302 47 51 309 104 63 320 321 66 456 329 75 336 430 213 87 345 346 350 223 208 484 17 232 234 235 496 241 371 372 374 119
233 287 93 4 11 24 30 40 43 46 48 62 67 68 84 95 102 105 106 109 111 112 114 122 141 143 145 149 156 164 168 172 175 176 201 205 207 210 212 219 223 225 226 227 228 230 233 238 260 265 269 270 276 278 280 302 304 311 321 325 330 333 339 344 350 354 356 361 362 365 366 371 376 381 383 385 387 392 396 397 400 408 409 410 411 421 428 431 443 447 448 453 462 488 492 493
183 109 59 0 1 130 4 389 134 265 13 269 14 276 409 397 153 47 412 261 163 36 198 422 167 41 175 435 52 54 183 442 189 446 63 326 256 328 458 459 204 28 207 80 58 468 469 214 349 478 123 231 488 361 234 108 237 494 240 115 251 126
475 369 66 387 260 389 138 139 141 14 16 274 403 405 151 218 30 52 416 418 291 423 297 327 223 431 178 105 55 313 443 266 245 448 66 67 196 325 326 455 200 460 333 206 71 81 35 342 471 90 475 476 478 351 481 226 251 101 103 360 361 107 236 113 126 41 379 382 21
449 127 73 491 196 446 260 279 15 365 124 276 21 278 151 25 103 158 32 165 294 39 41 46 336 115 52 414 183 440 308 442 60 190 117 449 452 197 198 328 457 79 75 332 207 208 338 340 213 87 88 345 493 348 221 225 228 485 359 360 233 362 363 237 495 496 371 245 374 297 153 378 255 166 490 341
50 689 9 322 50 37 294 168 370 402 220 165
362 359 24 0 386 299 265 267 387 148 409 282 287 424 427 44 189 446 322 204 87 352 488 362 494 375 381
221 590 24 2 3 7 44 139 430 280 154 285 289 294 172 46 183 68 72 458 473 218 221 103 117 122 123
388 790 82 129 3 388 261 262 1 264 265 10 269 493 146 403 276 149 157 286 416 289 162 423 420 293 38 295 424 42 171 44 302 304 136 30 158 438 137 185 58 187 188 138 190 319 192 322 453 161 328 79 241 460 77 462 333 464 210 355 468 469 217 219 92 353 251 100 485 102 490 46 466 110 367 112 369 114 123 131 374 376 84 447 21
1 341 34 1 321 137 267 15 22 408 284 414 287 162 475 36 167 168 304 438 314 446 352 70 71 331 333 208 399 474 271 122 480 109 244 62 378
135 898 87 6 8 9 20 26 31 41 44 52 77 80 84 91 107 109 113 125 127 129 135 137 140 143 144 150 151 154 168 177 184 189 195 200 201 206 210 214 232 234 254 259 261 266 267 268 272 278 280 281 291 294 302 305 306 316 317 320 329 336 337 340 345 350 355 368 377 378 391 403 407 418 423 427 428 432 436 437 441 444 460 462 470 472 473 478 483 485
53 219 57 235 4 7 398 15 146 279 24 154 239 284 286 32 34 475 293 294 41 300 45 305 53 58 223 60 317 450 323 495 326 328 202 203 204 418 462 466 270 474 271 101 229 231 360 421 106 487 108 365 110 367 114 116 375 376 121 166
416 736 55 257 491 492 23 143 272 17 402 278 151 29 32 419 295 348 429 175 432 433 245 416 139 452 326 199 456 203 81 163 84 470 471 345 219 92 478 352 226 99 357 358 103 106 107 236 146 494 112 369 372 117 118 119 122 251
442 939 56 0 387 132 134 135 392 139 13 16 145 402 107 405 150 282 28 159 288 162 295 424 170 172 301 306 309 182 56 57 442 187 317 190 319 449 327 31 460 77 336 312 84 85 470 87 472 348 355 337 232 491 237 495 375 378 149
62 862 90 4 13 14 17 23 25 29 41 42 51 52 54 57 62 63 65 67 73 75 78 88 104 106 111 112 115 119 128 132 140 146 150 153 156 159 160 166 167 192 195 203 209 211 215 219 222 224 230 232 255 256 257 262 268 269 275 278 281 282 283 284 294 295 325 330 333 338 349 358 359 366 371 372 373 376 378 397 399 404 410 422 432 437 438 444 452 460 466 483 495
118 345 57 128 387 261 6 135 139 13 144 18 403 22 282 158 418 342 165 406 433 424 220 7 300 302 431 177 182 40 442 444 61 117 323 325 330 75 77 334 463 211 85 214 249 473 475 348 118 97 485 359 492 110 168 244 373 246 121 125
279 575 65 2 260 261 134 265 10 279 396 258 399 401 403 22 407 152 410 367 412 453 416 418 163 420 390 166 167 176 50 436 438 186 347 317 448 322 197 456 329 76 162 206 335 83 340 471 216 473 15 442 280 224 225 227 231 361 235 364 365 495 113 114 122 255 253 127
64 138 52 64 258 131 133 134 393 268 2 143 146 149 409 411 156 496 34 174 436 437 9 313 316 63 192 449 245 309 70 328 12 447 331 397 209 469 471 91 349 478 181 227 486 232 361 493 366 368 319 117 119 251 255
294 187 41 387 389 262 263 25 410 411 285 30 164 294 241 305 440 315 444 317 318 63 67 68 326 332 482 206 211 469 470 90 477 352 98 227 101 239 497 370 115 376 127 213
29 70 89 1 2 4 11 12 13 20 21 24 29 34 38 48 61 79 87 92 93 102 104 115 120 128 137 140 156 158 164 166 169 179 180 182 186 190 194 216 232 233 242 256 259 261 266 269 279 286 289 290 297 307 320 327 328 329 332 340 345 353 355 358 368 370 371 376 381 392 395 409 410 412 414 417 419 426 434 436 439 447 451 454 456 462 466 478 480 489 490 495
246 71 86 1 2 10 12 15 20 22 24 31 36 38 40 43 51 52 57 65 66 86 96 110 121 123 125 128 134 137 143 147 149 153 157 169 172 174 184 186 189 191 196 197 201 206 215 222 225 234 246 253 256 259 261 266 273 274 276 282 284 287 297 339 343 352 362 365 366 369 378 394 421 422 424 425 426 428 430 431 433 435 441 462 463 476 487 488 497
199 860 81 256 1 126 131 388 5 7 338 137 10 395 397 271 11 149 352 235 408 25 363 158 453 290 155 162 421 38 93 40 299 300 301 302 47 359 308 309 439 184 187 411 447 193 322 67 325 199 200 458 135 336 209 159 83 342 197 218 220 349 94 351 224 482 99 294 487 488 107 365 366 240 232 370 371 245 120 46 380 381 4 21
336 819 69 261 263 266 14 144 147 276 277 278 407 280 25 410 283 285 5 160 417 35 420 165 39 249 7 429 413 48 49 432 436 438 185 315 61 62 245 321 452 197 327 200 457 76 206 336 209 466 163 468 86 121 344 347 478 293 16 99 484 102 359 105 363 368 446 246 376 212 191 127
235 220 40 3 390 279 141 272 408 21 406 151 152 411 48 35 420 170 171 304 433 457 184 315 189 320 224 67 96 76 269 336 211 344 89 475 479 352 235 493 494 120 42
171 803 32 258 171 391 9 138 270 17 160 35 425 43 302 175 305 88 320 66 456 73 335 80 469 216 122 481 483 357 358 367 115 378 124
359 790 17 128 97 194 3 68 71 489 359 45 80 99 372 405 215 56 474 348
414 900 25 1 269 17 280 410 158 160 418 166 42 301 50 414 182 319 201 331 336 343 227 228 107 237 366 118
4 551 75 0 257 258 375 260 334 134 263 23 269 14 400 145 274 19 148 494 22 151 409 27 157 415 290 1 422 170 174 175 115 436 54 312 315 318 319 331 68 71 459 462 463 376 466 211 84 147 218 79 395 477 350 101 96 481 98 443 228 229 367 273 232 490 108 238 495 112 360 243 374 247 248 378 42 4
208 507 34 385 131 260 12 142 399 148 284 420 37 296 41 43 54 183 164 328 204 206 208 217 220 477 223 225 355 101 379 112 360 372 122 251 383
481 849 14 481 101 113 136 330 427 44 445 240 104 377 345 266 63
409 380 49 5 135 264 393 394 215 271 149 409 410 28 417 36 422 424 284 305 178 371 9 441 314 315 317 63 321 67 452 453 373 75 332 342 57 348 222 101 481 354 227 485 102 238 239 243 117 378 319 126
315 921 86 4 29 38 40 41 42 49 51 53 72 73 82 86 93 94 100 113 121 123 128 130 135 141 146 147 158 159 160 161 164 168 169 179 202 203 204 206 213 220 221 233 236 248 250 253 255 256 257 259 264 266 267 269 285 287 290 296 298 306 315 317 320 328 346 352 357 367 376 391 395 398 409 410 413 414 423 430 435 436 437 439 444 460 462 464 467
495 589 32 134 471 398 143 407 495 158 159 32 291 426 44 173 307 414 56 445 194 453 331 335 339 87 90 225 100 101 362 364 253 379 234
211 820 88 2 7 12 14 18 28 37 42 45 56 71 72 73 78 91 101 103 107 114 121 122 124 126 130 131 134 140 142 147 160 165 166 189 193 196 200 211 224 225 244 250 255 257 262 265 267 282 292 294 296 311 315 318 322 326 330 334 338 347 358 360 364 371 376 379 383 384 386 388 405 406 407 408 411 419 422 425 427 429 433 447 454 457 461 462 464 480 496
360 458 41 9 268 13 400 408 152 411 284 30 162 99 421 422 170 300 175 180 437 54 56 444 448 193 71 73 75 460 467 85 342 222 483 359 232 238 495 360 498 373 247 127
373 198 31 258 391 392 18 281 153 154 164 422 423 177 441 188 62 67 327 73 332 212 224 99 102 360 253 112 114 116 373 375 123 125
425 67 13 409 425 66 293 422 108 396 337 22 441 184 57 282
244 921 59 384 299 137 10 269 270 15 400 19 156 30 159 417 37 422 168 327 175 305 306 307 53 393 440 58 190 63 448 196 71 200 201 202 55 333 78 207 80 82 467 217 463 220 349 480 353 99 356 359 235 93 239 240 221 79 244 249 382 255
101 765 57 213 388 261 390 137 15 16 275 21 196 157 286 304 166 423 301 428 173 432 306 417 55 313 315 60 445 447 324 225 328 333 334 340 85 343 216 218 143 224 353 123 101 230 103 488 238 367 368 498 242 4 248 122 127 381 254 383
350 729 12 32 256 387 65 360 188 332 211 350 26 476 126
471 456 8 323 228 103 75 241 471 217 199
440 281 28 384 259 264 139 268 152 151 408 25 28 170 173 176 56 313 62 67 440 472 348 228 102 359 490 119 248 281 234
23 97 9 1 23 45 366 399 307 436 119 282
478 663 51 1 363 262 395 268 399 400 19 235 68 154 156 282 31 33 40 42 50 176 434 308 181 184 318 320 195 452 197 455 457 204 335 80 83 407 473 477 478 479 96 354 356 233 491 238 111 245 121 378 379 124
342 792 12 324 390 425 333 496 339 20 342 311 180 187 211
275 450 39 1 258 6 393 140 143 275 278 160 290 35 293 39 41 426 299 172 305 178 438 183 314 322 195 198 329 202 332 464 466 339 399 93 485 360 362 239 460 126
264 799 67 256 129 386 387 4 128 65 264 137 394 395 12 269 14 429 145 402 73 151 282 57 32 420 421 295 296 425 114 305 307 181 439 116 318 352 322 324 69 194 201 375 204 78 81 211 87 164 49 478 96 355 103 361 167 237 367 368 113 140 243 372 268 119 55 122 251 183
6 991 82 0 258 294 133 341 193 394 23 15 144 274 275 404 407 111 156 413 287 289 162 347 207 262 38 39 389 96 43 242 46 477 50 436 53 310 312 244 6 443 151 447 449 452 69 326 417 200 201 332 461 206 335 337 163 334 214 7 345 475 220 93 360 352 97 482 391 101 104 105 365 238 239 232 114 371 372 374 248 250 383 298 255
67 698 88 22 33 38 42 46 54 67 75 78 82 88 103 106 110 113 116 117 120 122 125 135 142 145 151 153 159 168 173 182 199 204 206 207 208 211 213 217 222 225 227 237 243 248 251 271 276 280 281 285 288 290 297 304 306 309 310 321 322 324 329 343 344 348 351 354 358 364 367 373 376 379 395 408 410 414 416 418 425 431 437 442 455 458 472 474 476 477 489
297 406 83 385 2 4 5 134 291 392 395 396 142 146 403 149 406 388 439 431 30 159 176 162 35 264 38 433 405 298 171 300 174 175 48 305 351 437 311 314 443 188 61 62 447 194 195 324 453 72 177 75 205 462 79 208 337 466 99 220 451 203 88 331 348 297 459 223 480 315 484 231 444 277 235 365 366 112 221 383 119 83 250 127 382 21
70 867 46 1 258 299 137 138 88 19 25 281 415 304 162 419 165 433 170 171 300 175 176 177 91 446 449 194 70 467 213 342 216 474 219 476 478 479 228 358 105 234 494 111 496 242 243 118 376
153 847 60 1 2 363 4 262 8 132 271 16 482 275 404 23 67 281 285 286 423 476 42 199 48 49 180 53 312 441 192 451 197 70 327 75 77 205 80 433 210 339 340 471 344 153 463 92 351 97 226 227 323 39 365 369 114 115 116 374 120 136 254
466 439 49 385 133 391 8 9 142 365 18 281 239 30 496 418 163 423 129 434 178 181 441 58 315 189 429 449 459 97 75 76 466 211 313 88 217 346 351 225 231 489 106 109 366 61 240 497 467 117 123 362
324 866 30 0 387 397 150 158 289 475 425 58 60 62 324 69 326 336 82 211 474 91 348 80 235 364 237 242 115 117 374 378 251
177 796 36 263 264 322 270 143 402 277 153 28 285 286 417 162 37 241 296 412 135 44 177 54 446 448 194 333 471 477 354 359 488 491 113 371 119 248 254
220 454 14 230 220 173 189 274 253 84 119 312 218 219 188 413 95
240 686 61 384 129 391 47 267 397 216 403 24 26 283 158 159 288 432 37 298 300 301 46 175 304 306 179 311 185 287 330 445 190 68 71 72 458 461 334 333 209 341 342 215 472 91 220 479 224 97 100 485 233 490 236 494 240 113 370 244 114 313 124 126
41 223 36 391 397 272 19 278 25 410 284 418 163 292 165 41 48 50 52 219 59 67 453 328 78 207 216 474 79 348 221 228 101 231 496 114 119 380 382
251 610 77 155 179 6 263 265 138 139 268 271 16 145 404 46 150 279 153 20 283 286 453 32 417 278 163 390 38 295 41 170 173 302 304 180 305 434 51 52 181 201 202 308 330 190 53 450 48 197 454 12 74 459 205 78 209 35 341 87 49 15 94 485 481 483 358 486 47 488 363 236 369 83 244 246 249 251 183 382
476 462 70 256 2 260 452 141 14 237 403 150 279 196 27 413 162 113 40 41 170 171 306 46 48 434 53 310 184 444 189 446 19 352 324 70 353 329 205 462 335 209 212 343 429 346 476 477 222 84 481 99 356 486 337 105 362 359 492 493 495 168 114 115 244 190 246 375 249 123 281 234 426
319 868 51 3 391 138 395 269 270 131 150 151 75 28 416 155 421 38 263 173 46 350 319 56 185 163 394 191 195 72 329 459 333 80 465 82 83 213 214 58 222 251 485 379 233 491 364 381 112 369 114 105 123 253
469 121 28 5 262 396 402 89 288 419 390 40 297 437 59 190 191 197 78 210 163 469 472 345 346 349 352 425 488 119 252
405 248 20 448 441 409 259 261 486 405 168 297 267 429 366 404 252 329 313 474 28 222 361
234 772 69 1 261 7 47 10 471 142 143 16 145 403 148 149 280 155 286 287 160 87 166 369 424 391 300 175 27 438 55 440 442 394 447 321 66 488 325 454 199 200 201 332 354 81 163 341 343 88 218 475 477 182 480 482 487 104 489 234 231 365 189 496 113 467 116 233 376 378 123 127
263 438 15 260 293 422 263 330 461 494 472 147 372 398 376 57 27 190
290 57 78 384 129 133 390 136 364 394 268 144 344 413 405 22 407 153 155 284 29 287 416 418 421 325 424 41 175 50 307 308 236 438 201 312 441 315 61 62 53 64 194 374 198 327 457 74 290 463 464 81 156 467 468 85 88 217 228 182 336 448 484 485 486 487 488 106 108 493 353 396 113 481 117 246 120 378 191 125 382
401 913 49 256 384 258 107 179 14 143 401 145 407 24 153 156 157 414 160 496 35 292 165 424 428 303 49 435 54 185 58 317 448 321 327 202 333 465 356 346 220 354 100 487 489 106 491 281 112 115 250 124
86 899 58 230 491 358 262 8 393 111 268 365 272 147 21 407 152 411 284 414 237 161 290 244 421 38 419 302 431 304 434 155 185 314 458 66 454 202 333 334 463 80 82 211 212 86 474 15 95 482 102 486 233 107 109 239 112 114 116 127 383
105 796 33 129 130 259 132 392 407 156 37 42 47 177 306 180 55 436 59 192 198 205 462 337 344 480 233 108 494 498 105 376 123 252 126 255
149 64 81 149 64 389 162 264 493 16 273 402 20 405 406 281 155 30 52 276 283 420 423 294 295 296 348 42 171 302 347 115 308 56 185 186 315 60 317 319 192 193 67 324 71 328 459 143 442 206 164 465 227 170 57 472 89 314 220 93 95 144 123 357 486 359 188 490 167 492 191 238 368 242 243 372 489 248 249 250 379 380 106 383
479 672 70 385 387 260 389 6 136 63 45 401 403 405 22 151 409 154 28 346 164 165 296 284 172 301 305 50 435 57 398 55 185 442 479 60 447 449 196 118 337 201 206 173 212 85 87 216 473 218 347 421 99 485 358 273 361 362 306 236 366 73 368 113 275 372 373 246 248 377 251 381 149
24 429 53 384 64 2 259 260 391 265 12 269 142 145 402 302 24 303 157 158 295 38 241 168 426 43 174 175 438 183 192 321 452 327 247 333 81 466 87 344 347 96 263 226 229 489 106 107 108 146 238 239 40 117 361 126
167 419 25 391 400 410 27 414 288 411 165 167 179 180 182 52 198 457 331 332 352 108 368 242 243 116 378 382
55 188 69 384 129 130 235 133 263 265 266 143 277 25 158 32 37 38 295 296 425 172 242 302 221 10 236 459 181 55 56 315 189 377 65 67 328 203 204 462 369 424 312 210 467 340 470 343 88 473 219 349 350 101 352 356 357 361 107 364 366 496 40 498 373 41 248 121 250 123 380 382
473 99 62 386 8 265 394 397 195 9 46 409 154 28 413 158 112 91 422 295 210 425 44 178 302 304 177 50 435 308 73 180 347 443 202 190 63 459 332 258 75 204 206 463 82 35 469 343 473 207 101 222 223 481 356 229 360 491 237 240 248 122 253 254 383
31 400 68 384 386 387 4 5 6 8 307 397 398 274 275 148 277 414 407 462 26 27 346 30 415 214 35 342 37 297 298 44 173 49 371 181 312 31 319 450 454 71 76 334 269 80 184 210 212 213 470 472 36 474 478 227 158 101 259 490 108 18 110 112 241 115 375 248 250 380 382
92 553 67 1 130 97 133 262 467 393 395 13 14 429 16 273 403 276 409 218 158 31 417 418 163 292 37 422 227 296 427 45 174 157 54 9 319 192 193 228 455 470 76 34 462 77 355 84 342 472 473 90 92 225 483 356 357 487 360 105 362 110 242 243 245 247 377 379 125 255
337 7 78 68 385 2 259 4 5 391 151 337 399 273 387 404 150 345 280 25 26 208 414 133 288 419 163 41 298 263 428 301 174 303 176 57 58 95 330 61 153 447 448 32 323 324 69 326 456 458 482 11 81 83 170 471 88 217 15 198 351 336 226 443 229 209 489 235 364 365 494 253 112 373 247 248 121 63 125 382 426
112 372 34 384 0 132 400 277 278 279 416 34 293 424 302 48 305 309 312 316 191 199 329 465 471 344 217 478 481 483 484 105 493 112 114 119 252
418 527 40 4 389 6 7 139 397 398 150 408 25 154 157 416 33 418 422 39 169 47 434 185 95 445 192 452 74 84 101 122 223 483 166 237 494 368 498 372 118 41 378
346 166 75 131 133 341 264 428 138 139 396 269 142 399 272 482 402 147 115 137 452 282 283 415 289 162 419 292 422 497 424 169 300 307 431 172 53 182 439 56 57 187 60 10 62 437 448 67 196 198 457 202 332 77 463 98 467 340 85 185 344 346 207 349 95 400 226 228 323 113 114 371 372 375 121 124 381 383
392 208 62 386 3 261 392 266 12 141 15 274 403 276 21 406 279 152 409 413 288 162 35 164 220 170 302 303 308 309 438 55 440 57 74 64 323 147 69 198 292 140 330 331 290 77 80 337 212 87 217 271 476 350 223 225 100 237 368 370 115 372 131 430 250
463 576 80 4 6 300 138 12 399 145 403 276 21 278 279 225 68 155 284 29 416 291 292 296 156 42 327 172 429 413 432 50 179 181 54 311 440 441 58 183 188 189 373 448 65 324 198 455 247 461 79 464 337 163 463 234 88 217 91 92 314 94 95 352 336 472 101 488 361 362 107 493 366 239 369 242 83 372 245 375 20 123 125
298 539 59 0 129 4 262 135 393 270 271 16 146 404 238 152 153 410 28 414 31 416 417 164 326 422 298 428 302 181 398 56 313 187 53 192 194 324 325 198 199 454 201 460 81 83 341 220 350 229 98 101 105 491 402 366 116 319 252 125 126 166
145 930 45 260 389 134 145 275 150 22 284 161 35 305 429 174 49 434 308 184 180 58 95 458 195 417 73 202 203 332 207 208 211 468 343 220 223 355 356 229 362 237 110 498 244 120 123 380
200 126 35 261 7 267 12 401 151 413 30 325 289 164 306 56 59 63 192 197 198 200 457 468 87 348 353 100 357 358 231 233 237 253 319 105 123 102
285 457 25 139 19 280 285 414 416 162 35 302 93 48 309 313 443 316 62 198 328 329 470 473 477 483 121 382
406 668 14 288 22 390 392 427 462 176 498 53 214 57 314 124 406
189 442 31 2 260 5 263 137 397 145 146 408 159 162 419 165 42 51 189 195 79 338 473 347 348 477 293 100 210 366 497 115 380 125
164 812 60 0 132 5 392 394 398 18 21 152 196 27 156 288 33 34 347 164 38 168 425 426 427 431 51 310 55 184 442 319 66 451 452 197 70 332 461 462 79 208 465 340 342 471 216 89 346 91 348 223 96 358 230 490 493 366 111 296 169 378 405
110 970 56 34 260 391 264 400 17 275 494 26 283 29 31 416 191 177 168 92 43 44 8 51 222 438 443 61 318 63 321 322 310 327 201 203 204 461 207 465 335 84 341 470 216 89 475 220 350 224 97 251 357 359 237 110 319 126 127
490 693 61 130 262 263 138 279 140 142 15 400 401 147 148 149 316 39 159 112 35 295 172 301 46 371 439 315 60 190 191 203 196 198 275 12 459 206 208 82 86 345 475 96 80 227 485 360 444 234 363 240 369 403 244 126 489 376 122 379 380 490 254 255
260 151 2 384 260
0 674 65 128 448 258 131 132 214 0 391 392 137 10 398 60 272 3 409 26 27 30 287 161 421 294 433 169 426 498 175 176 177 306 308 236 54 186 316 317 319 320 67 68 460 78 80 337 466 212 86 343 475 357 224 225 99 101 209 233 364 366 242 147 117 108 252 383
